134 230 171 475 519 293 192 87 283 395
237 338 231 291 169 252 38 387 33 544
479 512 290 253 431 142 312 305 152 485
510 449 561 480 447 423 32 183 44 444
357 104 382 198 377 538 383 523 592 106
188 30 386 258 222 361 264 102 138 196
549 336 381 389 107 87 283 105 200 572
418 154 536 197 427 2 589 493 441 542
571 555 29 70 369 570 184 268 382 362
58 443 224 532 572 522 131 164 297 193
503 42 458 51 51 465 322 461 185 132
246 566 10 597 258 279 539 72 360 141
440 448 490 53 104 304 42 119 305 189
311 78 350 490 323 239 414 268 116 216
543 343 488 219 482 560 148 99 201 373
421 389 206 249 320 395 486 533 240 397
510 507 383 81 412 565 399 461 113 294
264 594 470 566 373 4 445 572 442 223
289 391 129 460 393 558 5 492 353 417
302 44 273 295 239 577 553 97 284 238
285 567 392 348 366 89 494 162 130 425
454 341 333 367 394 177 488 261 1 25
89 533 148 19 434 95 344 431 566 431
403 298 473 175 26 454 96 217 234 108
482 311 230 565 157 486 513 205 227 80
108 297 102 145 386 595 242 117 465 35
74 264 164 504 470 270 263 279 515 300
595 467 155 222 91 462 479 451 373 111
291 302 453 541 33 262 375 579 160 600
140 68 525 35 126 400 275 140 71 448
376 275 127 167 320 46 125 25 13 413
144 344 135 510 142 373 281 442 396 124
124 383 7 435 296 439 107 100 136 169
586 440 293 391 239 215 318 576 323 406
535 6 584 120 63 458 77 472 438 463
217 221 223 140 379 399 594 318 337 593
45 310 79 64 308 182 491 387 575 562
447 44 11 45 239 598 587 529 235 470
297 179 390 167 383 438 600 345 19 295
73 209 571 41 464 479 525 562 163 236
426 125 295 435 443 362 3 546 436 403
360 560 273 32 355 369 47 117 286 16
332 242 555 284 361 347 51 542 374 161
55 522 383 154 268 172 254 404 260 37
577 64 331 158 478 76 471 508 564 409
524 181 492 247 575 498 575 77 289 461
49 229 318 212 239 463 70 31 101 533
516 487 427 592 302 535 121 449 452 136
168 218 236 463 547 14 348 266 318 141
498 539 269 157 593 179 361 206 509 283
