713 385 1997 739 690 1949 1970 724 1010 1466
120 877 800 850 1342 1734 730 1370 530 287
873 7 745 1261 167 1951 514 100 1438 670
406 245 242 746 1938 1899 242 1673 200 400
1356 114 3 341 351 689 650 738 1332 1375
1111 1898 719 49 1800 963 627 447 581 1220
788 952 99 352 465 804 1784 1907 1713 858
384 570 1309 1604 1904 135 1918 208 505 1813
584 376 639 249 1752 307 107 1514 874 573
1085 1347 463 1317 678 678 140 1846 629 1667
582 952 1456 9 269 1624 22 1692 22 501
1043 744 1022 652 1539 565 491 1719 890 1436
773 1857 100 1688 1173 125 1112 1136 1885 1608
1154 1956 1641 1308 162 1750 1332 1078 1375 1388
1262 1034 1903 1875 412 165 1051 710 464 1748
1647 270 1419 1811 816 1020 1104 1640 1409 197
779 1042 1463 494 1458 1804 443 1081 59 1782
1329 238 14 565 1159 269 1148 90 607 1490
816 225 1536 1819 533 1627 1082 1830 1592 654
1545 590 1599 315 12 1640 218 1457 1286 1849
633 1072 1909 667 1199 688 689 783 853 1587
919 52 466 1816 294 1209 1529 1713 330 479
212 1096 1768 1299 512 813 841 91 344 579
1338 623 935 1196 1490 1738 1352 130 1110 832
544 1496 122 482 1646 784 857 752 1057 462
1879 735 1852 1420 293 1099 150 1599 1877 1790
1109 1851 590 1298 1307 1923 802 1923 17 147
1006 553 164 1873 242 1973 1901 1457 897 857
853 712 635 237 248 1220 73 559 1305 490
1705 250 1559 15 1932 27 719 1163 459 800
514 363 1697 641 1353 1526 581 660 549 227
358 188 652 985 156 1569 1377 918 333 1734
1698 980 957 1927 824 185 1290 1217 139 813
199 887 548 1234 6 50 1447 175 1404 552
993 1390 383 1664 350 87 1587 421 62 1004
262 1705 1512 1782 1689 1148 576 1999 96 301
389 1522 108 112 830 48 1030 1521 1175 1525
1022 296 1942 1002 390 1998 3 1435 1960 1422
439 28 1791 111 788 1592 1541 417 1797 235
1752 503 1527 849 1394 276 1849 925 1066 1288
1728 1726 1173 1485 1118 1023 65 157 1364 1502
195 311 421 1216 351 81 332 1555 1272 1344
1249 499 1161 838 1001 1569 387 1819 476 353
1911 143 458 147 407 814 624 709 761 1670
1879 903 1260 229 463 15 877 1767 1578 493
1531 478 1771 1697 1962 274 1489 444 1765 588
287 1349 872 365 878 141 701 388 36 148
1637 16 1159 1005 314 499 1869 1312 1042 1880
886 1984 550 1014 748 1868 532 644 1529 681
866 608 10 1295 1220 1563 1731 1970 79 1719
1779 1029 1823 1540 1737 858 1334 1079 487 1757
486 1388 1078 50 1217 14 1643 1116 1983 1732
1656 1935 608 1774 1382 1176 1266 64 1153 652
1989 958 1588 638 413 1306 1847 261 952 1033
1942 365 1889 1980 372 1933 4 1950 1696 1609
467 1882 1031 616 1800 623 1914 809 987 1221
209 417 1463 1666 976 1561 312 633 1112 694
1384 1139 1169 984 362 208 216 551 38 1471
1460 651 567 1692 45 43 833 1098 734 1304
1703 1714 1658 411 1420 1274 1533 748 856 1401
389 1317 733 1274 1953 1062 1291 1344 1912 346
1265 1865 797 842 1908 789 482 752 757 1784
747 911 862 942 1188 1297 1133 159 1397 753
1653 516 1925 346 225 1496 317 1343 330 1682
1998 669 283 755 118 382 1315 1355 1054 799
970 209 1400 1172 1256 866 1416 651 1762 568
1247 654 279 1135 1664 605 666 1733 1901 475
336 545 705 88 45 1013 1140 1535 1882 1526
938 384 457 1004 1453 769 108 165 1884 33
819 622 1076 1437 1813 1445 478 438 1521 89
585 99 1669 1043 122 1155 623 1849 129 1701
1441 304 701 924 394 1441 979 909 147 848
299 987 168 1385 955 613 1608 1420 168 637
606 539 1866 525 193 1312 336 870 440 1876
1428 1577 1794 1870 1376 1353 5 201 1360 1168
373 1178 826 1969 1560 560 1964 830 1448 1292
693 443 857 1235 1015 1362 1739 1745 1595 681
577 353 1157 689 1779 971 1385 752 402 908
991 1953 218 444 563 1419 1869 1724 32 1263
157 1550 478 1846 1561 202 1848 1051 1644 990
307 20 1699 710 749 934 1438 1676 1618 953
1352 1522 645 506 154 189 1229 993 1085 628
862 994 1295 10 873 983 1895 1640 262 1630
1516 1022 577 767 356 1019 1715 1505 1081 476
1123 1469 672 177 572 898 157 518 1313 1563
785 1665 238 1630 1157 1207 624 1511 1388 1620
696 1973 1395 1306 1436 1250 684 1993 575 1960
989 721 1875 562 834 420 1403 1569 1402 255
1157 449 1200 1098 952 1916 8 1470 171 1532
1454 855 902 550 361 1562 1613 549 1477 216
698 693 177 483 777 1410 1430 1665 1243 256
1802 319 1571 1420 916 136 1413 354 384 918
416 832 1093 1768 1641 1131 1462 68 458 657
1110 1983 1995 927 703 1163 1200 1172 1940 1504
1810 293 1077 815 1523 994 1635 626 1036 889
1557 1160 1657 1178 1963 352 56 1851 17 131
93 316 614 695 154 1949 1053 1345 1901 991
1891 1403 1370 1849 1379 710 443 604 1414 1521
1317 457 303 363 1885 321 70 1542 1531 445
1315 541 1726 1952 606 391 1712 1417 756 1244
1338 1693 237 999 1963 1924 363 925 1925 1203
1429 717 297 1898 597 184 1253 927 1007 1683
1531 1947 612 651 1795 1971 822 1288 979 1050
1308 261 127 85 280 1807 1708 1887 1959 1707
1721 1886 1512 749 1327 581 225 839 376 411
1022 223 831 988 972 1300 438 1231 885 1010
814 936 941 1123 578 1887 444 744 37 1168
525 25 1277 500 311 26 304 1008 633 31
1262 1869 251 785 751 1800 1890 1121 415 1034
5 284 918 1691 1390 47 701 339 275 141
158 497 998 175 1739 1343 361 1899 1666 1749
1078 25 1616 381 878 401 1923 1447 368 1305
948 1438 44 14 773 1835 665 1040 663 1129
1668 1732 1360 504 1210 1172 410 694 87 1593
703 202 784 572 68 1475 1742 745 756 1825
444 229 191 178 1219 513 402 416 436 1903
793 1625 406 357 1474 1887 1568 1361 755 1744
1497 203 479 601 1710 449 1717 663 1572 126
505 1662 1823 1900 1223 1438 98 1965 1910 850
952 1924 1881 1179 626 1801 1644 637 1682 573
237 1975 1719 538 600 777 1322 1759 280 369
1448 1499 203 519 17 743 53 154 369 729
1943 154 1661 1414 1649 359 1584 1720 790 1881
662 896 176 1474 1769 1742 1988 162 1818 559
1175 537 34 758 960 786 1737 46 384 942
376 1038 1695 1870 746 1246 1977 181 888 1945
681 1581 1589 516 357 1385 1782 1902 874 715
1367 1464 1513 24 650 135 898 1224 737 584
544 1634 1278 1299 438 679 1897 547 1672 878
1569 1413 860 992 1815 31 722 1764 1480 979
1571 302 1177 883 102 436 967 39 985 658
1199 622 861 1278 124 1793 1986 94 304 1934
6 1128 1941 1235 184 506 195 441 1682 1883
469 340 630 82 423 1944 1607 294 547 1054
731 742 1580 1751 1056 138 1082 208 1933 457
1128 1350 1643 364 506 700 820 1043 787 395
1034 231 1478 1226 1451 815 1019 334 1459 1639
532 1635 194 1966 1840 1052 1776 158 1440 1639
719 178 1033 996 176 1699 121 1432 1480 1427
1917 1405 1044 1742 1122 588 1514 93 1611 1534
1714 653 1955 879 1510 1184 675 164 1366 803
1606 590 1790 1263 954 560 428 1923 458 1998
188 1010 1882 470 1367 105 67 483 1772 340
1888 1743 893 1810 200 1289 589 1782 748 216
328 1679 1571 671 980 554 261 289 1079 1350
1381 1606 1513 280 1250 383 1355 689 1167 838
328 1581 1970 1722 907 1725 538 10 657 279
997 1359 1632 1915 1984 1663 825 26 592 223
810 1971 1569 105 102 254 557 655 825 1308
863 1294 1527 1902 1481 486 1364 997 594 361
1481 26 1092 306 1638 320 613 1529 243 646
1092 1124 156 1761 1591 751 1612 1082 611 895
216 996 1947 595 1791 992 1084 1612 1569 212
1881 303 446 441 674 489 400 148 42 1331
1164 1288 409 309 421 1610 1599 207 545 213
1419 1430 432 1535 1867 892 1322 140 1876 1396
1753 1633 1493 900 1639 539 1655 667 1672 641
1047 1541 1595 887 1623 1357 1997 1925 1937 1474
1951 1000 1262 381 538 855 423 1746 1936 1928
1994 693 1540 740 1646 159 1532 1400 682 1089
1830 1486 1683 40 89 747 853 1634 1277 26
229 800 1422 1785 388 1660 1293 1171 998 124
919 1310 771 616 1018 997 1214 1497 1142 1240
1141 1794 1248 1122 968 116 1741 1932 957 764
44 1217 1522 1999 1860 50 85 1434 1153 842
1633 1331 1177 68 1818 68 1204 780 1419 201
491 803 1150 311 1696 1367 1964 1696 495 178
293 164 1779 786 450 1066 1483 1641 841 127
1198 214 1488 1918 158 820 1478 978 41 753
303 200 1221 1201 334 1496 1869 1092 392 580
535 1750 422 738 889 165 1067 1399 1051 168
1879 725 973 1614 75 6 1852 1013 62 1993
402 956 96 1597 1212 1147 1821 1692 160 1313
1556 1514 894 1278 1944 717 1942 1842 710 1039
634 1910 696 929 486 1050 1258 1123 1565 926
923 1858 1317 181 615 369 727 1879 1170 267
1120 1030 647 343 1915 1459 1426 1053 1970 914
907 1433 82 139 1524 542 1599 1746 788 508
376 1209 613 804 1517 1205 27 1899 1502 542
1287 382 997 459 1978 1862 1718 589 174 1260
166 763 1 1902 858 799 563 82 1410 910
1539 970 982 1037 1188 88 1423 482 1158 1748
889 1577 1970 685 199 264 214 1965 504 1029
226 336 649 454 1762 1941 667 362 1053 1861
1942 662 733 260 318 1490 208 758 1621 1685
878 580 17 1022 1292 1151 367 1093 1905 1492
1480 273 1431 1841 1699 268 4 919 1292 900
1897 448 1379 1410 1483 771 1400 176 1968 581
1622 935 1020 1234 1325 983 365 477 996 1274
723 388 1470 347 1765 360 829 931 1968 379
597 853 1345 971 834 939 1252 1534 92 1071
1502 1422 634 334 1464 1959 1797 1930 733 1918
47 1120 1158 773 1075 410 1315 1196 1710 1157
478 1274 1454 1957 539 1277 1114 551 1858 990
963 215 576 632 26 436 746 106 498 1169
1443 219 1942 1389 1889 1406 1438 149 1835 1750
638 104 245 892 1584 1548 1664 1310 1956 1231
1771 986 500 784 462 1820 93 1775 217 1204
267 67 1817 1452 963 59 1643 1688 1015 390
579 142 678 150 335 232 482 562 1175 200
1254 1948 1048 475 664 947 706 1153 1595 1801
1423 957 1256 823 373 408 1390 320 573 1194
343 788 308 283 1517 118 930 167 957 1231
1194 1937 602 116 1633 1353 1493 310 515 1056
684 1481 1954 172 1697 7 1904 1671 893 1814
1647 605 965 295 1286 1110 539 48 103 976
1127 924 1647 1233 1288 369 1822 923 341 1010
1672 209 1977 695 59 1065 1599 250 706 1619
74 163 488 312 41 999 1745 1350 1288 1963
1510 1580 1658 303 1663 1057 1990 1017 1031 826
1872 16 394 1083 713 1307 1106 29 1513 1784
1506 113 1228 1905 1842 276 203 284 189 452
1773 1569 1927 1538 526 402 1410 1704 1854 1894
1795 413 524 662 1169 1943 1365 397 46 560
1608 1673 1610 1580 1580 1863 35 937 468 1902
321 1960 1394 553 1553 587 1017 1547 256 1728
183 511 539 909 51 1582 1989 540 1332 261
1721 1097 1523 1045 1984 1161 513 1004 1284 1070
1627 901 118 1369 781 283 1870 335 197 1204
305 398 1210 60 1271 177 1053 543 1277 1187
1406 107 857 1953 514 628 1405 867 1875 282
157 1628 249 1465 292 1503 1192 112 1780 1797
1209 132 700 620 862 1253 1119 258 368 608
35 915 843 1895 999 79 1613 751 1081 1120
907 632 1878 202 516 1842 1059 1443 346 1374
540 1397 510 690 555 946 459 1714 1099 296
1686 443 925 85 1828 1569 1115 1372 1933 1804
491 1208 1312 1134 487 1793 86 344 602 1757
123 318 525 1433 331 72 180 792 1321 1819
578 378 470 1543 420 544 1936 1985 988 64
1593 548 1389 373 186 1924 1911 808 999 884
1843 1108 100 1944 1233 1142 216 1837 463 1828
1393 856 814 465 1033 236 192 1934 1976 1984
1828 562 329 1040 1957 1948 1857 1746 735 760
302 1740 1508 113 12 165 1278 871 558 1305
1958 1217 778 1633 645 1924 694 1218 1416 916
146 1620 889 1450 118 1702 1420 1223 510 400
823 873 355 1722 1222 1948 59 411 862 370
1219 468 256 1909 1581 1870 32 1532 85 1713
6 1180 344 1399 1620 1185 1319 1024 202 46
1096 599 1767 1474 366 772 1185 811 1834 1028
1607 799 1218 1846 916 1416 1297 503 358 1936
686 81 1376 1902 1394 271 1517 95 996 324
535 57 423 1501 903 1531 1016 900 29 1161
624 1110 1953 727 1040 327 1771 1972 1582 1221
1057 1193 986 746 447 353 1814 710 732 220
1366 1292 1546 1615 1764 1019 62 190 599 945
1425 12 645 1435 998 594 23 863 1085 1598
1788 1390 1447 1534 784 1732 1339 990 750 562
1769 1934 884 1679 1709 408 1318 1978 821 2000
