1664   130    671    607    376    1492   733    1265   1714   1198  
1167   1466   65     1223   947    978    541    321    756    898   
1997   1644   1071   1731   1784   1916   915    1767   1028   301   
884    1973   900    1924   1923   177    819    1915   575    194   
1344   457    1362   249    634    1405   1900   1084   650    193   
1131   989    902    830    1771   1353   1423   1661   1811   849   
87     1123   753    1459   660    1490   215    616    632    317   
892    235    567    1057   1350   997    343    1891   86     1765  
1477   172    1707   1876   1860   157    1608   476    339    1142  
99     186    1956   1512   548    123    743    1140   691    879   
205    1038   202    1517   159    614    150    1096   634    1015  
1365   350    787    75     510    45     150    873    808    547   
1420   787    283    763    464    645    503    12     1024   487   
1643   37     914    1954   1788   283    1861   693    1000   39    
1708   87     462    660    595    562    1047   553    1221   1910  
1434   1744   29     866    856    26     1754   225    900    1218  
395    1355   395    1611   269    1525   645    971    1192   388   
941    745    1985   1077   1624   436    1834   646    632    1477  
579    749    1504   1909   1742   209    271    1983   519    884   
594    757    1955   356    544    1455   1290   858    1745   524   
842    1901   1670   21     232    1388   867    689    1504   946   
201    826    1334   709    1521   737    553    254    439    1425  
515    710    984    68     729    382    816    1014   1853   81    
524    125    1532   732    150    223    1728   1054   758    1327  
445    1013   1958   1693   709    1630   1792   490    489    1782  
1890   195    1246   454    739    956    1079   980    1067   344   
593    7      724    1528   863    1124   811    1759   680    703   
584    691    539    778    1947   1769   185    993    129    1382  
444    1927   633    979    417    1013   445    1767   1291   1417  
1355   194    681    954    262    140    933    57     660    608   
927    1545   1768   92     1938   1210   1101   407    177    332   
825    817    1625   785    248    175    356    1127   1955   1171  
958    939    41     1542   1465   777    37     1613   1375   85    
1745   1782   1994   98     1501   200    998    1310   1118   1120  
1172   461    563    1050   769    1074   613    861    1624   916   
597    1008   41     368    1877   1019   35     1071   1088   92    
1183   646    1528   1457   1402   1312   1119   1488   733    1637  
1714   1436   746    1211   1688   470    857    1837   948    1607  
669    1066   283    81     1475   688    1038   1865   1562   1973  
1937   176    1660   106    1653   1255   35     1653   680    1514  
629    895    1742   1957   1388   1164   1746   1860   1244   486   
754    130    1173   1478   329    653    1645   613    1506   1840  
226    311    635    1388   1200   165    38     1219   541    1040  
900    1517   1703   1866   907    1452   1356   1423   1052   1380  
1447   1180   1441   1020   1699   1246   1085   1949   1389   1364  
1096   1538   1873   1019   1947   1999   213    192    207    785   
1213   820    814    1701   732    177    682    1853   129    942   
1696   1039   355    548    1352   1409   1769   888    727    1879  
658    1261   984    1780   911    789    598    1362   548    1246  
111    1888   748    320    1391   350    1050   926    862    1771  
1956   1361   1885   299    1194   1964   1862   103    1673   1872  
936    981    1126   1605   295    1418   466    178    581    1264  
878    1234   1464   1455   1693   805    592    394    1002   370   
138    682    199    238    1867   1588   811    1569   1710   1050  
334    1339   599    283    663    1993   1589   1289   899    1617  
717    440    1316   311    1867   256    381    185    941    151   
1764   1761   1024   592    1158   1700   284    1502   834    1468  
236    1000   416    994    1613   121    1435   1381   1221   576   
1326   696    396    1748   1953   1949   1745   1903   1782   346   
646    700    1924   1432   1828   1402   838    1237   1663   1454  
1696   51     1151   912    340    582    1304   1261   1233   942   
314    1878   927    1817   1999   1634   27     1640   588    1984  
90     1984   1376   329    709    365    1535   515    1721   1974  
1193   1360   249    1598   688    985    686    628    1286   441   
436    1065   458    1810   90     1447   598    630    87     190   
1622   960    1248   686    1666   1995   958    637    886    314   
867    898    1483   513    430    1912   1223   40     572    1645  
1505   1517   1667   1845   1808   125    1852   664    1305   310   
273    1625   312    1927   1331   1830   384    1512   539    863   
767    499    890    1445   1936   805    1399   398    462    303   
849    1104   294    463    1523   127    120    1558   680    365   
1246   1935   1764   984    96     1075   1547   621    850    1053  
1895   550    357    364    1521   1701   702    1535   1538   178   
549    381    890    487    519    1957   1749   892    671    544   
1477   1660   323    747    634    1246   1034   1584   1610   1389  
1918   1882   1658   1571   1290   254    168    315    1836   270   
805    1118   1305   968    1945   954    965    988    116    1141  
454    1514   7      1881   180    39     613    1066   1545   486   
445    723    849    1506   417    1472   344    705    1187   408   
1192   254    1118   195    729    1754   1103   1431   6      70    
1022   176    124    1037   365    1775   191    734    680    1338  
1382   1633   134    1243   784    761    440    1196   1901   803   
1489   820    868    1051   1653   1903   1012   1573   353    284   
1970   398    641    1885   1755   89     1754   555    1774   753   
1403   483    211    1082   1039   1488   221    1512   230    1051  
1023   1657   1085   107    1620   684    1100   838    970    454   
679    1924   448    1237   1655   1905   370    681    835    99    
1608   508    1175   958    1608   336    166    1800   564    234   
1607   192    663    878    582    466    1589   1411   947    1977  
1134   1902   1077   855    1394   771    983    1394   543    174   
938    876    307    1306   1440   684    1905   722    888    1379  
467    1375   7      649    722    1755   705    754    1326   230   
1851   1539   166    487    693    254    860    1334   312    1341  
1153   992    1862   1673   1361   872    343    532    146    1194  
1175   785    433    1526   468    90     1013   506    227    628   
553    1623   1769   1948   284    760    1152   941    1784   595   
1210   926    297    1876   1795   192    1610   1562   143    1059  
1085   808    1932   1604   1940   604    813    618    553    539   
1155   882    1923   1061   604    416    1655   154    1066   482   
959    652    693    400    1190   1004   983    1663   894    1649  
423    1607   1686   778    172    1306   742    421    1845   392   
500    678    725    74     1777   821    1841   405    830    1238  
642    963    970    1029   1616   1244   1995   834    328    85    
1229   1243   1027   561    1509   565    622    1750   248    786   
1571   47     511    1940   90     183    1857   1374   1912   1750  
1655   129    573    895    145    557    1458   821    1315   136   
1777   1861   834    1888   530    1468   1951   1492   103    1566  
832    12     1984   729    243    1144   1846   694    1690   502   
557    1622   1774   1023   1948   1093   1703   1643   1459   804   
1001   617    1136   1609   729    622    1585   330    1802   1623  
980    1291   910    462    471    1938   513    805    262    568   
1617   1561   793    831    490    1172   1306   1145   1743   74    
1620   786    302    193    1861   1646   324    1827   35     1214  
489    1957   1031   1983   538    1520   1625   730    1024   721   
964    261    1009   359    569    1429   539    954    425    1491  
578    1728   694    1471   486    1610   1332   1866   1724   1846  
1445   275    269    386    874    1623   1012   464    1710   1072  
1779   1348   855    1863   1359   1009   1065   444    84     679   
1420   1075   22     1029   866    894    326    1574   767    1464  
1380   1655   767    585    1385   477    483    192    189    1685  
514    664    304    733    494    1810   1717   1091   184    1739  
1042   682    1307   444    1562   626    118    320    14     22    
1932   415    38     748    1094   151    54     1869   1676   804   
623    1095   454    735    978    1360   16     85     763    1644  
649    1387   593    1709   1116   1381   1676   302    199    863   
1739   943    1550   1698   626    1196   1700   773    304    1822  
1512   589    964    654    802    1183   40     410    1569   444   
260    1135   554    293    1535   1300   1164   513    1707   1974  
90     667    886    340    699    979    353    986    1792   1321  
1857   1454   1544   1835   367    1686   1674   612    1095   588   
1776   1645   1749   1390   193    1064   1697   477    325    1961  
1438   1748   543    1840   1008   941    1942   1449   1178   765   
1054   1039   315    1390   1076   1123   633    1226   1787   252   
512    559    1262   252    1547   958    1205   590    1256   505   
1958   476    792    94     336    1400   1621   1987   1172   1935  
1717   1950   1676   1160   527    550    1263   1064   742    479   
389    1997   1431   1765   1466   809    146    1988   1131   1556  
622    938    506    388    969    46     1925   512    284    1656  
772    979    994    1554   439    843    1960   1958   1739   1692  
1564   1941   1817   549    965    185    1775   137    129    34    
292    780    1662   1814   1810   902    691    368    1424   1658  
607    894    86     601    1517   1253   1662   770    972    1444  
777    899    934    1094   1182   287    1582   1928   697    1547  
1414   820    428    1200   1247   662    1361   750    969    1478  
1231   1000   1007   535    1370   1437   489    135    1064   1111  
1153   812    1554   1791   1216   214    1527   343    1274   104   
605    789    998    1298   961    490    230    1204   458    1606  
1360   735    178    1882   323    875    1707   1808   688    1797  
793    1730   1928   1431   725    1533   993    1807   227    1888  
1694   1014   1464   1393   463    86     508    14     1753   676   
1725   1399   868    1121   1767   884    1964   1480   1369   1752  
1062   29     1151   889    1370   202    1491   205    902    1877  
918    166    1664   771    123    1086   1168   299    1689   803   
923    783    1084   1399   1884   108    753    992    577    685   
27     1815   717    1802   107    415    170    959    50     1031  
318    1332   1868   1169   1689   550    1653   1970   208    3     
1430   1658   1973   18     413    523    198    1251   1560   1813  
1643   734    1332   1818   1955   934    468    1685   335    730   
1761   1593   684    1042   978    489    698    580    552    38    
525    100    1047   1067   1657   1708   363    601    1426   2     
1365   258    413    1432   632    954    821    1471   129    1726  
1354   1408   1778   813    428    657    969    1599   872    1875  
1327   566    494    383    458    1698   1867   634    1550   1052  
482    1010   874    859    1100   927    145    478    281    1169  
573    1109   130    1406   1327   310    1945   1885   299    1586  
1662   1684   900    924    577    1862   1544   874    171    384   
165    662    1492   441    159    1033   10     551    1157   203   
965    499    567    189    534    788    815    1624   559    835   
368    894    632    412    231    1716   463    491    858    1923  
680    366    1081   115    1414   1045   211    1160   87     230   
698    294    1957   576    1717   358    1462   1802   1716   486   
1536   1246   1717   1981   465    1250   1463   907    882    1817  
1488   1188   1276   778    1549   654    12     185    1529   1907  
1573   1984   1023   1217   682    275    1692   755    919    558   
448    90     1480   1106   1471   1900   1932   1424   710    724   
1388   95     1823   1600   845    953    493    813    1365   1316  
597    1257   123    1528   802    399    1016   1727   1924   341   
1015   911    175    742    1443   312    584    352    277    1319  
1411   199    1792   355    1699   1944   1245   1028   1787   209   
1707   1195   676    346    1064   1755   1720   1424   154    616   
1914   1084   1855   180    999    725    1606   1345   312    639   
1045   60     1325   711    1526   1945   849    1776   1320   1298  
846    29     570    517    691    1759   1110   1308   744    859   
92     820    912    1617   1667   879    1831   1879   1028   700   
399    596    201    476    652    993    223    1898   1842   882   
680    1391   274    1588   347    448    1186   1386   95     1395  
532    1981   1090   1174   354    1750   525    834    1980   1554  
1251   1384   575    981    818    577    929    583    1364   1346  
5      1830   1253   530    1729   413    93     1620   133    287   
497    1323   153    777    43     1578   1673   381    1714   834   
982    876    599    1424   101    217    99     1352   972    1409  
1043   995    778    494    280    573    954    1103   1878   1548  
232    903    624    1701   410    880    47     1951   1171   570   
478    76     1857   1679   112    1631   1629   1348   1002   589   
81     139    1791   1785   41     749    459    1921   316    870   
35     1612   862    372    1725   967    1199   1442   1379   114   
216    1727   1142   240    1570   1051   562    76     834    1667  
141    322    458    1697   479    1759   566    1325   1286   1262  
1344   89     49     933    323    313    166    163    51     895   
18     1136   1894   1577   1086   1203   1416   595    722    981   
1469   735    1847   1317   408    1841   908    1186   396    390   
1766   1062   1561   1546   238    126    1542   580    1068   1623  
929    415    865    135    38     104    384    1999   1122   410   
973    881    1664   1361   1492   1737   718    1188   685    880   
111    510    639    147    1950   1593   1684   1540   620    907   
1903   1660   1574   1458   1920   677    99     296    592    1667  
1851   1435   177    433    1399   772    1963   753    1267   322   
1862   1875   667    1496   1923   85     1707   1383   1695   655   
774    202    1974   1974   
Error log generated on: Tue Apr 20 08:19:38 2021
total errors logged: 2084
