1       2       3       4       5       6       7       10      11      14     
15      16      22      26      29      31      37      38      41      46     
47      48      53      55      57      58      63      66      71      72     
73      74      76      78      80      81      83      86      91      95     
96      97      99      100     101     103     105     111     113     116    
119     120     126     132     134     135     138     145     152     155    
158     160     161     162     166     168     173     175     177     180    
182     184     185     189     191     193     196     197     198     200    
205     212     215     216     218     219     221     224     225     226    
227     229     231     233     234     237     238     240     243     244    
245     246     249     252     253     254     260     261     262     263    
266     267     270     281     286     287     290     296     298     299    
304     308     310     312     317     322     328     329     331     332    
335     336     337     338     340     341     343     347     353     355    
357     366     367     368     374     375     376     381     385     390    
392     394     397     400     402     406     409     412     413     414    
417     423     424     425     426     434     436     441     444     445    
451     452     460     462     464     467     471     472     473     475    
478     485     487     491     493     494     499     503     504     507    
508     509     512     513     515     516     519     523     524     529    
532     536     538     541     543     544     546     547     549     553    
558     561     564     567     570     576     579     584     586     587    
589     597     598     